328746637 1522621104
1416559523 1645851139
1860907327 386284398
214643502 76975250
826138944 637524391
132346195 1491170976
2016175652 675664797
888837530 1649283829
1193093203 537418244
1533038866 463145768
1572333885 1782175429
339073572 1380288692
1559770695 598422927
1638309150 1141238872
936363690 520396991
620730406 1845182617
519484115 1316976254
2057319543 1069044958
328522524 1316040793
1673548263 1155005523
2117584312 89836138
448794135 1461546101
521314934 1706532618
1385263529 210567214
1427227794 1829108043
840281054 669240224
2035720835 1888173729
1348112892 694054855
1183547532 36270831
86080444 1262484400
895458895 1220888277
1288095207 305741953
16793985 434647225
971686861 699199398
765828901 1967276219
1320761305 2024536057
1011353628 378033343
493045103 1482497747
1333381294 1025011118
858973758 2000721724
1360643045 1427741936
1861494725 1254739294
1827599584 2098973829
1956945429 778794033
2116347009 1363264688
2032981073 292251693
1229960349 411063863
259546628 896696035
949224578 143052182
1444752116 86667709
734845757 686064131
1592221960 1607435222
508346738 963228644
1805370243 1657687492
1395128626 2013098792
1508157208 158536414
1324780720 232842367
2049325002 1615200606
1506877199 33355913
625626016 65303803
625185443 192892828
730336036 1550047860
2081778793 1028509612
794575708 600289765
118486715 1743832715
533273169 1190329112
1727742649 772306049
1265875967 674578914
1983003623 254059503
746392556 864370940
293603586 299257937
1531149054 103248217
2002591127 1874444659
1114954620 997117982
509222508 791829669
1537302483 915868665
1664909813 1379448313
1608965913 541952929
2103211742 42174100
1673140076 1627320773
168652936 1205080478
1539200777 1798779558
1479825623 317828096
578277412 552474671
1114450047 1374746088
1779680630 1252817696
1434447004 1908738723
1919183864 325927506
809227421 627087819
1694940380 207334134
2061038639 1944941373
91067257 1474140693
206530232 1764888151
1672902946 348294336
1310823783 723923038
718850819 1940829523
728403074 1266555430
695718004 1236006755
907540807 1879853143
770906241 1684763031

